{"asset":{"version":"2.0","generator":"Point105-AR.GLTFExporter"},"scenes":[{"nodes":[2,5,8,11,14,17,20,23,26,29,32,33,36,39,42,45,48,51,54,57,60,63,66,69,72,75,78,81,84,87,90,93,96]}],"scene":0,"nodes":[{"matrix":[-0.02230178158210026,0.008885665661040893,0.9997120346986123,0,0.9947162979356567,-0.1000335249582861,0.02307945615293806,0,0.1002097771862332,0.9949443892373766,-0.006607789444972534,0,-0.632080078125,-0.11566162109375,17.2073974609375,1],"name":"CABO007","mesh":0},{"matrix":[-0.022301824421718883,0.008885560421105578,0.9997119154346712,0,0.9947161806781899,-0.10003527575094706,0.02307950394671726,0,0.10021153145882253,0.9949443333444137,-0.006607641569491592,0,-0.632080078125,-0.11566162109375,17.2073974609375,1],"name":"Knife007","mesh":1},{"matrix":[-0.025399999999999704,-3.835293384213357e-9,-3.110603005566326e-18,0,3.1106023332339243e-18,5.639932965095795e-18,-0.0254,0,3.835293384213357e-9,-0.02539999999999971,-5.639932965095795e-18,0,-4.339820373535156,7.196059210205078,-7.935016430664062,1],"name":"Group008","children":[0,1]},{"matrix":[-0.02230178158210026,0.008885665661040893,0.9997120346986123,0,0.9947162979356567,-0.1000335249582861,0.02307945615293806,0,0.1002097771862332,0.9949443892373766,-0.006607789444972534,0,-0.6320838928222656,-0.11566162109375,17.2073974609375,1],"name":"CABO010","mesh":2},{"matrix":[-0.022301824421718883,0.008885560421105578,0.9997119154346712,0,0.9947161806781899,-0.10003527575094706,0.02307950394671726,0,0.10021153145882253,0.9949443333444137,-0.006607641569491592,0,-0.6320838928222656,-0.11566162109375,17.2073974609375,1],"name":"Knife010","mesh":3},{"matrix":[-0.025399999999999704,-3.835293384213357e-9,-3.110603005566326e-18,0,3.1106023332339243e-18,5.639932965095795e-18,-0.0254,0,3.835293384213357e-9,-0.02539999999999971,-5.639932965095795e-18,0,-1.6339328247070313,9.300116827392579,15.08917354736328,1],"name":"Group011","children":[3,4]},{"matrix":[-0.022301824421718883,0.008885560421105578,0.9997119154346712,0,0.9947161806781899,-0.10003527575094706,0.02307950394671726,0,0.10021153145882253,0.9949443333444137,-0.006607641569491592,0,-0.6320648193359375,-0.11566162109375,17.2073974609375,1],"name":"Knife005","mesh":4},{"matrix":[-0.02230178158210026,0.008885665661040893,0.9997120346986123,0,0.9947162979356567,-0.1000335249582861,0.02307945615293806,0,0.1002097771862332,0.9949443892373766,-0.006607789444972534,0,-0.6320648193359375,-0.11566162109375,17.2073974609375,1],"name":"CABO005","mesh":5},{"matrix":[-0.025399999999999704,-3.835293384213357e-9,-3.110603005566326e-18,0,3.1106023332339243e-18,5.639932965095795e-18,-0.0254,0,3.835293384213357e-9,-0.02539999999999971,-5.639932965095795e-18,0,4.609313226318359,6.708406030273437,11.797411682128907,1],"name":"Group006","children":[6,7]},{"matrix":[-0.022301824421718883,0.008885560421105578,0.9997119154346712,0,0.9947161806781899,-0.10003527575094706,0.02307950394671726,0,0.10021153145882253,0.9949443333444137,-0.006607641569491592,0,-0.632080078125,-0.11566638946533203,17.2073974609375,1],"name":"Knife006","mesh":6},{"matrix":[-0.02230178158210026,0.008885665661040893,0.9997120346986123,0,0.9947162979356567,-0.1000335249582861,0.02307945615293806,0,0.1002097771862332,0.9949443892373766,-0.006607789444972534,0,-0.632080078125,-0.11566638946533203,17.2073974609375,1],"name":"CABO006","mesh":7},{"matrix":[-0.025399999999999704,-3.835293384213357e-9,-3.110603005566326e-18,0,3.1106023332339243e-18,5.639932965095795e-18,-0.0254,0,3.835293384213357e-9,-0.02539999999999971,-5.639932965095795e-18,0,2.787306610107422,12.978652758789062,-0.24563616943359376,1],"name":"Group007","children":[9,10]},{"matrix":[-0.02230178158210026,0.008885665661040893,0.9997120346986123,0,0.9947162979356567,-0.1000335249582861,0.02307945615293806,0,0.1002097771862332,0.9949443892373766,-0.006607789444972534,0,-0.632080078125,-0.11566162109375,17.2073974609375,1],"name":"CABO008","mesh":8},{"matrix":[-0.022301824421718883,0.008885560421105578,0.9997119154346712,0,0.9947161806781899,-0.10003527575094706,0.02307950394671726,0,0.10021153145882253,0.9949443333444137,-0.006607641569491592,0,-0.632080078125,-0.11566162109375,17.2073974609375,1],"name":"Knife008","mesh":9},{"matrix":[-0.025399999999999704,-3.835293384213357e-9,-3.110603005566326e-18,0,3.1106023332339243e-18,5.639932965095795e-18,-0.0254,0,3.835293384213357e-9,-0.02539999999999971,-5.639932965095795e-18,0,-12.681666235351562,8.937929632568359,-4.91724404296875,1],"name":"Group009","children":[12,13]},{"matrix":[-0.02230178158210026,0.008885665661040893,0.9997120346986123,0,0.9947162979356567,-0.1000335249582861,0.02307945615293806,0,0.1002097771862332,0.9949443892373766,-0.006607789444972534,0,-0.63201904296875,-0.11566162109375,17.2073974609375,1],"name":"CABO009","mesh":10},{"matrix":[-0.022301824421718883,0.008885560421105578,0.9997119154346712,0,0.9947161806781899,-0.10003527575094706,0.02307950394671726,0,0.10021153145882253,0.9949443333444137,-0.006607641569491592,0,-0.63201904296875,-0.11566162109375,17.2073974609375,1],"name":"Knife009","mesh":11},{"matrix":[-0.025399999999999704,-3.835293384213357e-9,-3.110603005566326e-18,0,3.1106023332339243e-18,5.639932965095795e-18,-0.0254,0,3.835293384213357e-9,-0.02539999999999971,-5.639932965095795e-18,0,-15.703630615234376,5.142049313354492,8.846103454589844,1],"name":"Group010","children":[15,16]},{"matrix":[-0.022301824421718883,0.008885560421105578,0.9997119154346712,0,0.9947161806781899,-0.10003527575094706,0.02307950394671726,0,0.10021153145882253,0.9949443333444137,-0.006607641569491592,0,-0.63201904296875,-0.11566162109375,17.2073974609375,1],"name":"Knife012","mesh":12},{"matrix":[-0.02230178158210026,0.008885665661040893,0.9997120346986123,0,0.9947162979356567,-0.1000335249582861,0.02307945615293806,0,0.1002097771862332,0.9949443892373766,-0.006607789444972534,0,-0.63201904296875,-0.11566162109375,17.2073974609375,1],"name":"CABO012","mesh":13},{"matrix":[-0.025399999999999704,-3.835293384213357e-9,-3.110603005566326e-18,0,3.1106023332339243e-18,5.639932965095795e-18,-0.0254,0,3.835293384213357e-9,-0.02539999999999971,-5.639932965095795e-18,0,19.031005810546876,5.30814653930664,13.28123583984375,1],"name":"Group013","children":[18,19]},{"matrix":[-0.02230178158210026,0.008885665661040893,0.9997120346986123,0,0.9947162979356567,-0.1000335249582861,0.02307945615293806,0,0.1002097771862332,0.9949443892373766,-0.006607789444972534,0,-0.6320648193359375,-0.11566543579101562,17.2073974609375,1],"name":"CABO013","mesh":14},{"matrix":[-0.022301824421718883,0.008885560421105578,0.9997119154346712,0,0.9947161806781899,-0.10003527575094706,0.02307950394671726,0,0.10021153145882253,0.9949443333444137,-0.006607641569491592,0,-0.6320648193359375,-0.11566543579101562,17.2073974609375,1],"name":"Knife013","mesh":15},{"matrix":[-0.025399999999999704,-3.835293384213357e-9,-3.110603005566326e-18,0,3.1106023332339243e-18,5.639932965095795e-18,-0.0254,0,3.835293384213357e-9,-0.02539999999999971,-5.639932965095795e-18,0,6.434062310791015,11.944577117919922,1.0368886474609373,1],"name":"Group014","children":[21,22]},{"matrix":[-0.02230178158210026,0.008885665661040893,0.9997120346986123,0,0.9947162979356567,-0.1000335249582861,0.02307945615293806,0,0.1002097771862332,0.9949443892373766,-0.006607789444972534,0,-0.632080078125,-0.11566162109375,17.2073974609375,1],"name":"CABO011","mesh":16},{"matrix":[-0.022301824421718883,0.008885560421105578,0.9997119154346712,0,0.9947161806781899,-0.10003527575094706,0.02307950394671726,0,0.10021153145882253,0.9949443333444137,-0.006607641569491592,0,-0.632080078125,-0.11566162109375,17.2073974609375,1],"name":"Knife011","mesh":17},{"matrix":[-0.025399999999999704,-3.835293384213357e-9,-3.110603005566326e-18,0,3.1106023332339243e-18,5.639932965095795e-18,-0.0254,0,3.835293384213357e-9,-0.02539999999999971,-5.639932965095795e-18,0,11.183642169189453,8.558917883300781,12.289949835205078,1],"name":"Group012","children":[24,25]},{"matrix":[-0.02230178158210026,0.008885665661040893,0.9997120346986123,0,0.9947162979356567,-0.1000335249582861,0.02307945615293806,0,0.1002097771862332,0.9949443892373766,-0.006607789444972534,0,-0.632080078125,-0.11566543579101562,17.207399368286133,1],"name":"CABO014","mesh":18},{"matrix":[-0.022301824421718883,0.008885560421105578,0.9997119154346712,0,0.9947161806781899,-0.10003527575094706,0.02307950394671726,0,0.10021153145882253,0.9949443333444137,-0.006607641569491592,0,-0.632080078125,-0.11566543579101562,17.207399368286133,1],"name":"Knife014","mesh":19},{"matrix":[-0.025399999999999704,-3.835293384213357e-9,-3.110603005566326e-18,0,3.1106023332339243e-18,5.639932965095795e-18,-0.0254,0,3.835293384213357e-9,-0.02539999999999971,-5.639932965095795e-18,0,6.4340646362304685,0.07470241699218749,1.0368886474609373,1],"name":"Group015","children":[27,28]},{"matrix":[-0.022301824421718883,0.008885560421105578,0.9997119154346712,0,0.9947161806781899,-0.10003527575094706,0.02307950394671726,0,0.10021153145882253,0.9949443333444137,-0.006607641569491592,0,-0.632080078125,-0.11566925048828125,17.2073974609375,1],"name":"Knife001","mesh":20},{"matrix":[-0.02230178158210026,0.008885665661040893,0.9997120346986123,0,0.9947162979356567,-0.1000335249582861,0.02307945615293806,0,0.1002097771862332,0.9949443892373766,-0.006607789444972534,0,-0.632080078125,-0.11566925048828125,17.2073974609375,1],"name":"CABO001","mesh":21},{"matrix":[-0.025399999999999704,-3.835293384213357e-9,-3.110603005566326e-18,0,3.1106023332339243e-18,5.639932965095795e-18,-0.0254,0,3.835293384213357e-9,-0.02539999999999971,-5.639932965095795e-18,0,-6.77397412109375,5.234416931152344,-2.383485134887695,1],"name":"Group002","children":[30,31]},{"matrix":[0.0254,0,0,0,0,0.02539999999999966,4.138185400370794e-9,0,0,-4.138185400370794e-9,0.02539999999999966,0,0.5215467506408692,0.6841066925048828,2.990325449445663e-8,1],"name":"Plane001","mesh":22},{"matrix":[-0.022301824421718883,0.008885560421105578,0.9997119154346712,0,0.9947161806781899,-0.10003527575094706,0.02307950394671726,0,0.10021153145882253,0.9949443333444137,-0.006607641569491592,0,-0.632080078125,-0.11566674709320068,17.2073974609375,1],"name":"Knife","mesh":23},{"matrix":[-0.02230178158210026,0.008885665661040893,0.9997120346986123,0,0.9947162979356567,-0.1000335249582861,0.02307945615293806,0,0.1002097771862332,0.9949443892373766,-0.006607789444972534,0,-0.632080078125,-0.11566674709320068,17.2073974609375,1],"name":"CABO","mesh":24},{"matrix":[-0.025399999999999704,-3.835293384213357e-9,-3.110603005566326e-18,0,3.1106023332339243e-18,5.639932965095795e-18,-0.0254,0,3.835293384213357e-9,-0.02539999999999971,-5.639932965095795e-18,0,-10.33165773925781,11.704964611816406,-0.013066262769699096,1],"name":"Group001","children":[34,35]},{"matrix":[-0.022301824421718883,0.008885560421105578,0.9997119154346712,0,0.9947161806781899,-0.10003527575094706,0.02307950394671726,0,0.10021153145882253,0.9949443333444137,-0.006607641569491592,0,-0.632080078125,-0.11566162109375,17.207412719726562,1],"name":"Knife004","mesh":25},{"matrix":[-0.02230178158210026,0.008885665661040893,0.9997120346986123,0,0.9947162979356567,-0.1000335249582861,0.02307945615293806,0,0.1002097771862332,0.9949443892373766,-0.006607789444972534,0,-0.632080078125,-0.11566162109375,17.207412719726562,1],"name":"CABO004","mesh":26},{"matrix":[-0.025399999999999704,-3.835293384213357e-9,-3.110603005566326e-18,0,3.1106023332339243e-18,5.639932965095795e-18,-0.0254,0,3.835293384213357e-9,-0.02539999999999971,-5.639932965095795e-18,0,-8.244574279785157,6.661759265136719,13.303301159667969,1],"name":"Group005","children":[37,38]},{"matrix":[-0.022301824421718883,0.008885560421105578,0.9997119154346712,0,0.9947161806781899,-0.10003527575094706,0.02307950394671726,0,0.10021153145882253,0.9949443333444137,-0.006607641569491592,0,-0.632080078125,-0.11566162109375,17.2073974609375,1],"name":"Knife002","mesh":27},{"matrix":[-0.02230178158210026,0.008885665661040893,0.9997120346986123,0,0.9947162979356567,-0.1000335249582861,0.02307945615293806,0,0.1002097771862332,0.9949443892373766,-0.006607789444972534,0,-0.632080078125,-0.11566162109375,17.2073974609375,1],"name":"CABO002","mesh":28},{"matrix":[-0.025399999999999704,-3.835293384213357e-9,-3.110603005566326e-18,0,3.1106023332339243e-18,5.639932965095795e-18,-0.0254,0,3.835293384213357e-9,-0.02539999999999971,-5.639932965095795e-18,0,-7.467730999755859,11.612402819824219,4.6173542083740235,1],"name":"Group003","children":[40,41]},{"matrix":[-0.022301824421718883,0.008885560421105578,0.9997119154346712,0,0.9947161806781899,-0.10003527575094706,0.02307950394671726,0,0.10021153145882253,0.9949443333444137,-0.006607641569491592,0,-0.632080078125,-0.11566162109375,17.2073974609375,1],"name":"Knife003","mesh":29},{"matrix":[-0.02230178158210026,0.008885665661040893,0.9997120346986123,0,0.9947162979356567,-0.1000335249582861,0.02307945615293806,0,0.1002097771862332,0.9949443892373766,-0.006607789444972534,0,-0.632080078125,-0.11566162109375,17.2073974609375,1],"name":"CABO003","mesh":30},{"matrix":[-0.025399999999999704,-3.835293384213357e-9,-3.110603005566326e-18,0,3.1106023332339243e-18,5.639932965095795e-18,-0.0254,0,3.835293384213357e-9,-0.02539999999999971,-5.639932965095795e-18,0,-4.5076860961914065,7.090874932861328,9.468161608886717,1],"name":"Group004","children":[43,44]},{"matrix":[-0.02230178158191552,0.00888566659228986,0.9997120346903392,0,0.9947162834334945,-0.10003366892312424,0.02307945720220306,0,0.10020992113957738,0.9949443747545599,-0.006607787031786216,0,-0.632080078125,-0.11566162109375,17.2073974609375,1],"name":"CABO028","mesh":31},{"matrix":[-0.02230182628325292,0.008885561351985673,0.9997119153848698,0,0.9947161833618333,-0.10003524865837532,0.023079505712311654,0,0.10021150440624657,0.994944336060085,-0.006607642937293405,0,-0.632080078125,-0.11566162109375,17.2073974609375,1],"name":"Knife030","mesh":32},{"matrix":[0.01073450311039641,1.4099832412739487e-18,-0.023020218134780775,0,0.023020218134780508,3.835293327814071e-9,0.010734503110396282,0,3.475956257659174e-9,-0.025399999999999704,1.6208648919047163e-9,0,-12.050017968749998,11.879511322021484,-5.563483666992187,1],"name":"Group031","children":[46,47]},{"matrix":[-0.02230178158191552,0.00888566659228986,0.9997120346903392,0,0.9947162834334945,-0.10003366892312424,0.02307945720220306,0,0.10020992113957738,0.9949443747545599,-0.006607787031786216,0,-0.632080078125,-0.1156005859375,17.2073974609375,1],"name":"CABO030","mesh":33},{"matrix":[-0.02230182628325292,0.008885561351985673,0.9997119153848698,0,0.9947161833618333,-0.10003524865837532,0.023079505712311654,0,0.10021150440624657,0.994944336060085,-0.006607642937293405,0,-0.632080078125,-0.1156005859375,17.2073974609375,1],"name":"Knife031","mesh":34},{"matrix":[0.01073450311039641,1.4099832412739487e-18,-0.023020218134780775,0,0.023020218134780508,3.835293327814071e-9,0.010734503110396282,0,3.475956257659174e-9,-0.025399999999999704,1.6208648919047163e-9,0,-15.27483663330078,13.730020849609375,0.1867258117675781,1],"name":"Group032","children":[49,50]},{"matrix":[-0.02230182628325292,0.008885561351985673,0.9997119153848698,0,0.9947161833618333,-0.10003524865837532,0.023079505712311654,0,0.10021150440624657,0.994944336060085,-0.006607642937293405,0,-0.632110595703125,-0.11566162109375,17.2073974609375,1],"name":"Knife029","mesh":35},{"matrix":[-0.02230178158191552,0.00888566659228986,0.9997120346903392,0,0.9947162834334945,-0.10003366892312424,0.02307945720220306,0,0.10020992113957738,0.9949443747545599,-0.006607787031786216,0,-0.632110595703125,-0.11566162109375,17.2073974609375,1],"name":"CABO029","mesh":36},{"matrix":[0.01073450311039641,1.4099832412739487e-18,-0.023020218134780775,0,0.023020218134780508,3.835293327814071e-9,0.010734503110396282,0,3.475956257659174e-9,-0.025399999999999704,1.6208648919047163e-9,0,-17.2310474609375,6.3291640625,0.4522200714111328,1],"name":"Group030","children":[52,53]},{"matrix":[-0.02230182628306818,0.008885562283234751,0.9997119153765968,0,0.9947161810513145,-0.10003527157677072,0.02307950595766145,0,0.10021152734088477,0.9949443337474702,-0.006607643331987951,0,-0.632080078125,-0.11566162109375,17.2073974609375,1],"name":"Knife024","mesh":37},{"matrix":[-0.02230178158191574,0.008885666592289915,0.9997120346903394,0,0.9947162910988705,-0.10003359281663367,0.02307945669675224,0,0.10020984505052499,0.9949443824064546,-0.006607788797208469,0,-0.632080078125,-0.11566162109375,17.2073974609375,1],"name":"CABO024","mesh":38},{"matrix":[0.012700004232925048,-5.639932965095795e-18,0.02199704281224378,0,-0.02199704281224353,-3.83529328833454e-9,0.0127000042329249,0,3.321461050842522e-9,-0.025399999999999704,-1.9176472899395947e-9,0,22.159275329589843,11.701639233398437,3.8525140716552735,1],"name":"Group025","children":[55,56]},{"matrix":[-0.02230182628306818,0.008885562283234751,0.9997119153765968,0,0.9947161810513145,-0.10003527157677072,0.02307950595766145,0,0.10021152734088477,0.9949443337474702,-0.006607643331987951,0,-0.632080078125,-0.11566162109375,17.2073974609375,1],"name":"Knife023","mesh":39},{"matrix":[-0.02230178158191574,0.008885666592289915,0.9997120346903394,0,0.9947162910988705,-0.10003359281663367,0.02307945669675224,0,0.10020984505052499,0.9949443824064546,-0.006607788797208469,0,-0.632080078125,-0.11566162109375,17.2073974609375,1],"name":"CABO027","mesh":40},{"matrix":[0.012700004232925048,-5.639932965095795e-18,0.02199704281224378,0,-0.02199704281224353,-3.83529328833454e-9,0.0127000042329249,0,3.321461050842522e-9,-0.025399999999999704,-1.9176472899395947e-9,0,20.203213330078125,6.1512892608642575,-3.842003860473633,1],"name":"Group028","children":[58,59]},{"matrix":[-0.02230182628306818,0.008885562283234751,0.9997119153765968,0,0.9947161810513145,-0.10003527157677072,0.02307950595766145,0,0.10021152734088477,0.9949443337474702,-0.006607643331987951,0,-0.632080078125,-0.1156005859375,17.2073974609375,1],"name":"Knife026","mesh":41},{"matrix":[-0.02230178158191574,0.008885666592289915,0.9997120346903394,0,0.9947162910988705,-0.10003359281663367,0.02307945669675224,0,0.10020984505052499,0.9949443824064546,-0.006607788797208469,0,-0.632080078125,-0.1156005859375,17.2073974609375,1],"name":"CABO025","mesh":42},{"matrix":[0.012700004232925048,-5.639932965095795e-18,0.02199704281224378,0,-0.02199704281224353,-3.83529328833454e-9,0.0127000042329249,0,3.321461050842522e-9,-0.025399999999999704,-1.9176472899395947e-9,0,19.298657690429685,13.552149536132813,-2.087291198730469,1],"name":"Group026","children":[61,62]},{"matrix":[-0.02230182628306818,0.008885562283234751,0.9997119153765968,0,0.9947161810513145,-0.10003527157677072,0.02307950595766145,0,0.10021152734088477,0.9949443337474702,-0.006607643331987951,0,-0.6320953369140625,-0.11566162109375,17.2073974609375,1],"name":"Knife027","mesh":43},{"matrix":[-0.02230178158191574,0.008885666592289915,0.9997120346903394,0,0.9947162910988705,-0.10003359281663367,0.02307945669675224,0,0.10020984505052499,0.9949443824064546,-0.006607788797208469,0,-0.6320953369140625,-0.11566162109375,17.2073974609375,1],"name":"CABO026","mesh":44},{"matrix":[0.012700004232925048,-5.639932965095795e-18,0.02199704281224378,0,-0.02199704281224353,-3.83529328833454e-9,0.0127000042329249,0,3.321461050842522e-9,-0.025399999999999704,-1.9176472899395947e-9,0,11.55635352783203,9.143551965332032,-2.38522766418457,1],"name":"Group027","children":[64,65]},{"matrix":[-0.02230182628325292,0.008885561351985673,0.9997119153848698,0,0.9947161833618333,-0.10003524865837532,0.023079505712311654,0,0.10021150440624657,0.994944336060085,-0.006607642937293405,0,-0.632110595703125,-0.11566162109375,17.2073974609375,1],"name":"Knife028","mesh":45},{"matrix":[-0.02230178158191552,0.00888566659228986,0.9997120346903392,0,0.9947162834334945,-0.10003366892312424,0.02307945720220306,0,0.10020992113957738,0.9949443747545599,-0.006607787031786216,0,-0.632110595703125,-0.11566162109375,17.2073974609375,1],"name":"CABO031","mesh":46},{"matrix":[0.01073450311039641,1.4099832412739487e-18,-0.023020218134780775,0,0.023020218134780508,3.835293327814071e-9,0.010734503110396282,0,3.475956257659174e-9,-0.025399999999999704,1.6208648919047163e-9,0,-12.394858935546875,14.471222119140625,-12.612945623779297,1],"name":"Group029","children":[67,68]},{"matrix":[-0.02230182628306818,0.008885562283234751,0.9997119153765968,0,0.9947161810513145,-0.10003527157677072,0.02307950595766145,0,0.10021152734088477,0.9949443337474702,-0.006607643331987951,0,-0.632080078125,-0.11566162109375,17.2073974609375,1],"name":"Knife025","mesh":47},{"matrix":[-0.02230178158191574,0.008885666592289915,0.9997120346903394,0,0.9947162910988705,-0.10003359281663367,0.02307945669675224,0,0.10020984505052499,0.9949443824064546,-0.006607788797208469,0,-0.632080078125,-0.11566162109375,17.2073974609375,1],"name":"CABO023","mesh":48},{"matrix":[0.012700004232925048,-5.639932965095795e-18,0.02199704281224378,0,-0.02199704281224353,-3.83529328833454e-9,0.0127000042329249,0,3.321461050842522e-9,-0.025399999999999704,-1.9176472899395947e-9,0,16.233452539062498,10.301376641845701,-9.378953100585937,1],"name":"Group024","children":[70,71]},{"matrix":[-0.02230178158210026,0.008885665661040893,0.9997120346986123,0,0.9947162979356567,-0.1000335249582861,0.02307945615293806,0,0.1002097771862332,0.9949443892373766,-0.006607789444972534,0,-0.632080078125,-0.11566162109375,17.2073974609375,1],"name":"CABO021","mesh":49},{"matrix":[-0.022301824421718883,0.008885560421105578,0.9997119154346712,0,0.9947161806781899,-0.10003527575094706,0.02307950394671726,0,0.10021153145882253,0.9949443333444137,-0.006607641569491592,0,-0.632080078125,-0.11566162109375,17.2073974609375,1],"name":"Knife021","mesh":50},{"matrix":[-0.025399999999999704,-3.835293384213357e-9,-3.110603005566326e-18,0,3.1106023332339243e-18,5.639932965095795e-18,-0.0254,0,3.835293384213357e-9,-0.02539999999999971,-5.639932965095795e-18,0,15.31281416015625,4.1503218627929686,5.733885668945312,1],"name":"Group022","children":[73,74]},{"matrix":[-0.022301824421718883,0.008885560421105578,0.9997119154346712,0,0.9947161806781899,-0.10003527575094706,0.02307950394671726,0,0.10021153145882253,0.9949443333444137,-0.006607641569491592,0,-0.632080078125,-0.11566162109375,17.2073974609375,1],"name":"Knife022","mesh":51},{"matrix":[-0.02230178158210026,0.008885665661040893,0.9997120346986123,0,0.9947162979356567,-0.1000335249582861,0.02307945615293806,0,0.1002097771862332,0.9949443892373766,-0.006607789444972534,0,-0.632080078125,-0.11566162109375,17.2073974609375,1],"name":"CABO022","mesh":52},{"matrix":[-0.025399999999999704,-3.835293384213357e-9,-3.110603005566326e-18,0,3.1106023332339243e-18,5.639932965095795e-18,-0.0254,0,3.835293384213357e-9,-0.02539999999999971,-5.639932965095795e-18,0,14.700451538085938,4.1503218627929686,-14.321085546875,1],"name":"Group023","children":[76,77]},{"matrix":[-0.022301824421718883,0.008885560421105578,0.9997119154346712,0,0.9947161806781899,-0.10003527575094706,0.02307950394671726,0,0.10021153145882253,0.9949443333444137,-0.006607641569491592,0,-0.6320648193359375,-0.11566162109375,17.2073974609375,1],"name":"Knife019","mesh":53},{"matrix":[-0.02230178158210026,0.008885665661040893,0.9997120346986123,0,0.9947162979356567,-0.1000335249582861,0.02307945615293806,0,0.1002097771862332,0.9949443892373766,-0.006607789444972534,0,-0.6320648193359375,-0.11566162109375,17.2073974609375,1],"name":"CABO019","mesh":54},{"matrix":[-0.025399999999999704,-3.835293384213357e-9,-3.110603005566326e-18,0,3.1106023332339243e-18,5.639932965095795e-18,-0.0254,0,3.835293384213357e-9,-0.02539999999999971,-5.639932965095795e-18,0,6.1273329711914055,4.1503203125,-12.713627075195312,1],"name":"Group020","children":[79,80]},{"matrix":[-0.02230178158210026,0.008885665661040893,0.9997120346986123,0,0.9947162979356567,-0.1000335249582861,0.02307945615293806,0,0.1002097771862332,0.9949443892373766,-0.006607789444972534,0,-0.6320648193359375,-0.11566162109375,17.2073974609375,1],"name":"CABO020","mesh":55},{"matrix":[-0.022301824421718883,0.008885560421105578,0.9997119154346712,0,0.9947161806781899,-0.10003527575094706,0.02307950394671726,0,0.10021153145882253,0.9949443333444137,-0.006607641569491592,0,-0.6320648193359375,-0.11566162109375,17.2073974609375,1],"name":"Knife020","mesh":56},{"matrix":[-0.025399999999999704,-3.835293384213357e-9,-3.110603005566326e-18,0,3.1106023332339243e-18,5.639932965095795e-18,-0.0254,0,3.835293384213357e-9,-0.02539999999999971,-5.639932965095795e-18,0,-3.2877869140625,4.150319537353515,-14.3976328125,1],"name":"Group021","children":[82,83]},{"matrix":[-0.022301824421718883,0.008885560421105578,0.9997119154346712,0,0.9947161806781899,-0.10003527575094706,0.02307950394671726,0,0.10021153145882253,0.9949443333444137,-0.006607641569491592,0,-0.632080078125,-0.11566162109375,17.2073974609375,1],"name":"Knife016","mesh":57},{"matrix":[-0.02230178158210026,0.008885665661040893,0.9997120346986123,0,0.9947162979356567,-0.1000335249582861,0.02307945615293806,0,0.1002097771862332,0.9949443892373766,-0.006607789444972534,0,-0.632080078125,-0.11566162109375,17.2073974609375,1],"name":"CABO016","mesh":58},{"matrix":[-0.025399999999999704,-3.835293384213357e-9,-3.110603005566326e-18,0,3.1106023332339243e-18,5.639932965095795e-18,-0.0254,0,3.835293384213357e-9,-0.02539999999999971,-5.639932965095795e-18,0,12.250990197753906,7.145202624511719,-10.646894311523436,1],"name":"Group017","children":[85,86]},{"matrix":[-0.022301824421718883,0.008885560421105578,0.9997119154346712,0,0.9947161806781899,-0.10003527575094706,0.02307950394671726,0,0.10021153145882253,0.9949443333444137,-0.006607641569491592,0,-0.632080078125,-0.11566162109375,17.207399368286133,1],"name":"Knife015","mesh":59},{"matrix":[-0.02230178158210026,0.008885665661040893,0.9997120346986123,0,0.9947162979356567,-0.1000335249582861,0.02307945615293806,0,0.1002097771862332,0.9949443892373766,-0.006607789444972534,0,-0.632080078125,-0.11566162109375,17.207399368286133,1],"name":"CABO015","mesh":60},{"matrix":[-0.025399999999999704,-3.835293384213357e-9,-3.110603005566326e-18,0,3.1106023332339243e-18,5.639932965095795e-18,-0.0254,0,3.835293384213357e-9,-0.02539999999999971,-5.639932965095795e-18,0,12.250991748046873,1.1580610961914062,13.950674047851562,1],"name":"Group016","children":[88,89]},{"matrix":[-0.022301824421718883,0.008885560421105578,0.9997119154346712,0,0.9947161806781899,-0.10003527575094706,0.02307950394671726,0,0.10021153145882253,0.9949443333444137,-0.006607641569491592,0,-0.632080078125,-0.11566162109375,17.2073974609375,1],"name":"Knife017","mesh":61},{"matrix":[-0.02230178158210026,0.008885665661040893,0.9997120346986123,0,0.9947162979356567,-0.1000335249582861,0.02307945615293806,0,0.1002097771862332,0.9949443892373766,-0.006607789444972534,0,-0.632080078125,-0.11566162109375,17.2073974609375,1],"name":"CABO017","mesh":62},{"matrix":[-0.025399999999999704,-3.835293384213357e-9,-3.110603005566326e-18,0,3.1106023332339243e-18,5.639932965095795e-18,-0.0254,0,3.835293384213357e-9,-0.02539999999999971,-5.639932965095795e-18,0,-7.497798156738281,4.150318762207031,-10.034528588867186,1],"name":"Group018","children":[91,92]},{"matrix":[-0.02230178158210026,0.008885665661040893,0.9997120346986123,0,0.9947162979356567,-0.1000335249582861,0.02307945615293806,0,0.1002097771862332,0.9949443892373766,-0.006607789444972534,0,-0.632080078125,-0.11566162109375,17.2073974609375,1],"name":"CABO018","mesh":63},{"matrix":[-0.022301824421718883,0.008885560421105578,0.9997119154346712,0,0.9947161806781899,-0.10003527575094706,0.02307950394671726,0,0.10021153145882253,0.9949443333444137,-0.006607641569491592,0,-0.632080078125,-0.11566162109375,17.2073974609375,1],"name":"Knife018","mesh":64},{"matrix":[-0.025399999999999704,-3.835293384213357e-9,-3.110603005566326e-18,0,3.1106023332339243e-18,5.639932965095795e-18,-0.0254,0,3.835293384213357e-9,-0.02539999999999971,-5.639932965095795e-18,0,12.404081628417968,4.1503218627929686,-3.3750529052734373,1],"name":"Group019","children":[94,95]}],"bufferViews":[{"buffer":0,"byteOffset":0,"byteLength":19512,"target":34962,"byteStride":12},{"buffer":0,"byteOffset":19512,"byteLength":19512,"target":34962,"byteStride":12},{"buffer":0,"byteOffset":39024,"byteLength":13008,"target":34962,"byteStride":8},{"buffer":0,"byteOffset":52032,"byteLength":3252,"target":34963},{"buffer":0,"byteOffset":55284,"byteLength":5328,"target":34962,"byteStride":12},{"buffer":0,"byteOffset":60612,"byteLength":5328,"target":34962,"byteStride":12},{"buffer":0,"byteOffset":65940,"byteLength":3552,"target":34962,"byteStride":8},{"buffer":0,"byteOffset":69492,"byteLength":888,"target":34963},{"buffer":0,"byteOffset":70380,"byteLength":19512,"target":34962,"byteStride":12},{"buffer":0,"byteOffset":89892,"byteLength":19512,"target":34962,"byteStride":12},{"buffer":0,"byteOffset":109404,"byteLength":13008,"target":34962,"byteStride":8},{"buffer":0,"byteOffset":122412,"byteLength":3252,"target":34963},{"buffer":0,"byteOffset":125664,"byteLength":5328,"target":34962,"byteStride":12},{"buffer":0,"byteOffset":130992,"byteLength":5328,"target":34962,"byteStride":12},{"buffer":0,"byteOffset":136320,"byteLength":3552,"target":34962,"byteStride":8},{"buffer":0,"byteOffset":139872,"byteLength":888,"target":34963},{"buffer":0,"byteOffset":140760,"byteLength":5328,"target":34962,"byteStride":12},{"buffer":0,"byteOffset":146088,"byteLength":5328,"target":34962,"byteStride":12},{"buffer":0,"byteOffset":151416,"byteLength":3552,"target":34962,"byteStride":8},{"buffer":0,"byteOffset":154968,"byteLength":888,"target":34963},{"buffer":0,"byteOffset":155856,"byteLength":19512,"target":34962,"byteStride":12},{"buffer":0,"byteOffset":175368,"byteLength":19512,"target":34962,"byteStride":12},{"buffer":0,"byteOffset":194880,"byteLength":13008,"target":34962,"byteStride":8},{"buffer":0,"byteOffset":207888,"byteLength":3252,"target":34963},{"buffer":0,"byteOffset":211140,"byteLength":5328,"target":34962,"byteStride":12},{"buffer":0,"byteOffset":216468,"byteLength":5328,"target":34962,"byteStride":12},{"buffer":0,"byteOffset":221796,"byteLength":3552,"target":34962,"byteStride":8},{"buffer":0,"byteOffset":225348,"byteLength":888,"target":34963},{"buffer":0,"byteOffset":226236,"byteLength":19512,"target":34962,"byteStride":12},{"buffer":0,"byteOffset":245748,"byteLength":19512,"target":34962,"byteStride":12},{"buffer":0,"byteOffset":265260,"byteLength":13008,"target":34962,"byteStride":8},{"buffer":0,"byteOffset":278268,"byteLength":3252,"target":34963},{"buffer":0,"byteOffset":281520,"byteLength":19512,"target":34962,"byteStride":12},{"buffer":0,"byteOffset":301032,"byteLength":19512,"target":34962,"byteStride":12},{"buffer":0,"byteOffset":320544,"byteLength":13008,"target":34962,"byteStride":8},{"buffer":0,"byteOffset":333552,"byteLength":3252,"target":34963},{"buffer":0,"byteOffset":336804,"byteLength":5328,"target":34962,"byteStride":12},{"buffer":0,"byteOffset":342132,"byteLength":5328,"target":34962,"byteStride":12},{"buffer":0,"byteOffset":347460,"byteLength":3552,"target":34962,"byteStride":8},{"buffer":0,"byteOffset":351012,"byteLength":888,"target":34963},{"buffer":0,"byteOffset":351900,"byteLength":19512,"target":34962,"byteStride":12},{"buffer":0,"byteOffset":371412,"byteLength":19512,"target":34962,"byteStride":12},{"buffer":0,"byteOffset":390924,"byteLength":13008,"target":34962,"byteStride":8},{"buffer":0,"byteOffset":403932,"byteLength":3252,"target":34963},{"buffer":0,"byteOffset":407184,"byteLength":5328,"target":34962,"byteStride":12},{"buffer":0,"byteOffset":412512,"byteLength":5328,"target":34962,"byteStride":12},{"buffer":0,"byteOffset":417840,"byteLength":3552,"target":34962,"byteStride":8},{"buffer":0,"byteOffset":421392,"byteLength":888,"target":34963},{"buffer":0,"byteOffset":422280,"byteLength":5328,"target":34962,"byteStride":12},{"buffer":0,"byteOffset":427608,"byteLength":5328,"target":34962,"byteStride":12},{"buffer":0,"byteOffset":432936,"byteLength":3552,"target":34962,"byteStride":8},{"buffer":0,"byteOffset":436488,"byteLength":888,"target":34963},{"buffer":0,"byteOffset":437376,"byteLength":19512,"target":34962,"byteStride":12},{"buffer":0,"byteOffset":456888,"byteLength":19512,"target":34962,"byteStride":12},{"buffer":0,"byteOffset":476400,"byteLength":13008,"target":34962,"byteStride":8},{"buffer":0,"byteOffset":489408,"byteLength":3252,"target":34963},{"buffer":0,"byteOffset":492660,"byteLength":19512,"target":34962,"byteStride":12},{"buffer":0,"byteOffset":512172,"byteLength":19512,"target":34962,"byteStride":12},{"buffer":0,"byteOffset":531684,"byteLength":13008,"target":34962,"byteStride":8},{"buffer":0,"byteOffset":544692,"byteLength":3252,"target":34963},{"buffer":0,"byteOffset":547944,"byteLength":5328,"target":34962,"byteStride":12},{"buffer":0,"byteOffset":553272,"byteLength":5328,"target":34962,"byteStride":12},{"buffer":0,"byteOffset":558600,"byteLength":3552,"target":34962,"byteStride":8},{"buffer":0,"byteOffset":562152,"byteLength":888,"target":34963},{"buffer":0,"byteOffset":563040,"byteLength":19512,"target":34962,"byteStride":12},{"buffer":0,"byteOffset":582552,"byteLength":19512,"target":34962,"byteStride":12},{"buffer":0,"byteOffset":602064,"byteLength":13008,"target":34962,"byteStride":8},{"buffer":0,"byteOffset":615072,"byteLength":3252,"target":34963},{"buffer":0,"byteOffset":618324,"byteLength":5328,"target":34962,"byteStride":12},{"buffer":0,"byteOffset":623652,"byteLength":5328,"target":34962,"byteStride":12},{"buffer":0,"byteOffset":628980,"byteLength":3552,"target":34962,"byteStride":8},{"buffer":0,"byteOffset":632532,"byteLength":888,"target":34963},{"buffer":0,"byteOffset":633420,"byteLength":19512,"target":34962,"byteStride":12},{"buffer":0,"byteOffset":652932,"byteLength":19512,"target":34962,"byteStride":12},{"buffer":0,"byteOffset":672444,"byteLength":13008,"target":34962,"byteStride":8},{"buffer":0,"byteOffset":685452,"byteLength":3252,"target":34963},{"buffer":0,"byteOffset":688704,"byteLength":5328,"target":34962,"byteStride":12},{"buffer":0,"byteOffset":694032,"byteLength":5328,"target":34962,"byteStride":12},{"buffer":0,"byteOffset":699360,"byteLength":3552,"target":34962,"byteStride":8},{"buffer":0,"byteOffset":702912,"byteLength":888,"target":34963},{"buffer":0,"byteOffset":703800,"byteLength":5328,"target":34962,"byteStride":12},{"buffer":0,"byteOffset":709128,"byteLength":5328,"target":34962,"byteStride":12},{"buffer":0,"byteOffset":714456,"byteLength":3552,"target":34962,"byteStride":8},{"buffer":0,"byteOffset":718008,"byteLength":888,"target":34963},{"buffer":0,"byteOffset":718896,"byteLength":19512,"target":34962,"byteStride":12},{"buffer":0,"byteOffset":738408,"byteLength":19512,"target":34962,"byteStride":12},{"buffer":0,"byteOffset":757920,"byteLength":13008,"target":34962,"byteStride":8},{"buffer":0,"byteOffset":770928,"byteLength":3252,"target":34963},{"buffer":0,"byteOffset":774180,"byteLength":72,"target":34962,"byteStride":12},{"buffer":0,"byteOffset":774252,"byteLength":72,"target":34962,"byteStride":12},{"buffer":0,"byteOffset":774324,"byteLength":48,"target":34962,"byteStride":8},{"buffer":0,"byteOffset":774372,"byteLength":12,"target":34963},{"buffer":0,"byteOffset":774384,"byteLength":5328,"target":34962,"byteStride":12},{"buffer":0,"byteOffset":779712,"byteLength":5328,"target":34962,"byteStride":12},{"buffer":0,"byteOffset":785040,"byteLength":3552,"target":34962,"byteStride":8},{"buffer":0,"byteOffset":788592,"byteLength":888,"target":34963},{"buffer":0,"byteOffset":789480,"byteLength":19512,"target":34962,"byteStride":12},{"buffer":0,"byteOffset":808992,"byteLength":19512,"target":34962,"byteStride":12},{"buffer":0,"byteOffset":828504,"byteLength":13008,"target":34962,"byteStride":8},{"buffer":0,"byteOffset":841512,"byteLength":3252,"target":34963},{"buffer":0,"byteOffset":844764,"byteLength":5328,"target":34962,"byteStride":12},{"buffer":0,"byteOffset":850092,"byteLength":5328,"target":34962,"byteStride":12},{"buffer":0,"byteOffset":855420,"byteLength":3552,"target":34962,"byteStride":8},{"buffer":0,"byteOffset":858972,"byteLength":888,"target":34963},{"buffer":0,"byteOffset":859860,"byteLength":19512,"target":34962,"byteStride":12},{"buffer":0,"byteOffset":879372,"byteLength":19512,"target":34962,"byteStride":12},{"buffer":0,"byteOffset":898884,"byteLength":13008,"target":34962,"byteStride":8},{"buffer":0,"byteOffset":911892,"byteLength":3252,"target":34963},{"buffer":0,"byteOffset":915144,"byteLength":5328,"target":34962,"byteStride":12},{"buffer":0,"byteOffset":920472,"byteLength":5328,"target":34962,"byteStride":12},{"buffer":0,"byteOffset":925800,"byteLength":3552,"target":34962,"byteStride":8},{"buffer":0,"byteOffset":929352,"byteLength":888,"target":34963},{"buffer":0,"byteOffset":930240,"byteLength":19512,"target":34962,"byteStride":12},{"buffer":0,"byteOffset":949752,"byteLength":19512,"target":34962,"byteStride":12},{"buffer":0,"byteOffset":969264,"byteLength":13008,"target":34962,"byteStride":8},{"buffer":0,"byteOffset":982272,"byteLength":3252,"target":34963},{"buffer":0,"byteOffset":985524,"byteLength":5328,"target":34962,"byteStride":12},{"buffer":0,"byteOffset":990852,"byteLength":5328,"target":34962,"byteStride":12},{"buffer":0,"byteOffset":996180,"byteLength":3552,"target":34962,"byteStride":8},{"buffer":0,"byteOffset":999732,"byteLength":888,"target":34963},{"buffer":0,"byteOffset":1000620,"byteLength":19512,"target":34962,"byteStride":12},{"buffer":0,"byteOffset":1020132,"byteLength":19512,"target":34962,"byteStride":12},{"buffer":0,"byteOffset":1039644,"byteLength":13008,"target":34962,"byteStride":8},{"buffer":0,"byteOffset":1052652,"byteLength":3252,"target":34963},{"buffer":0,"byteOffset":1055904,"byteLength":19512,"target":34962,"byteStride":12},{"buffer":0,"byteOffset":1075416,"byteLength":19512,"target":34962,"byteStride":12},{"buffer":0,"byteOffset":1094928,"byteLength":13008,"target":34962,"byteStride":8},{"buffer":0,"byteOffset":1107936,"byteLength":3252,"target":34963},{"buffer":0,"byteOffset":1111188,"byteLength":5328,"target":34962,"byteStride":12},{"buffer":0,"byteOffset":1116516,"byteLength":5328,"target":34962,"byteStride":12},{"buffer":0,"byteOffset":1121844,"byteLength":3552,"target":34962,"byteStride":8},{"buffer":0,"byteOffset":1125396,"byteLength":888,"target":34963},{"buffer":0,"byteOffset":1126284,"byteLength":19512,"target":34962,"byteStride":12},{"buffer":0,"byteOffset":1145796,"byteLength":19512,"target":34962,"byteStride":12},{"buffer":0,"byteOffset":1165308,"byteLength":13008,"target":34962,"byteStride":8},{"buffer":0,"byteOffset":1178316,"byteLength":3252,"target":34963},{"buffer":0,"byteOffset":1181568,"byteLength":5328,"target":34962,"byteStride":12},{"buffer":0,"byteOffset":1186896,"byteLength":5328,"target":34962,"byteStride":12},{"buffer":0,"byteOffset":1192224,"byteLength":3552,"target":34962,"byteStride":8},{"buffer":0,"byteOffset":1195776,"byteLength":888,"target":34963},{"buffer":0,"byteOffset":1196664,"byteLength":5328,"target":34962,"byteStride":12},{"buffer":0,"byteOffset":1201992,"byteLength":5328,"target":34962,"byteStride":12},{"buffer":0,"byteOffset":1207320,"byteLength":3552,"target":34962,"byteStride":8},{"buffer":0,"byteOffset":1210872,"byteLength":888,"target":34963},{"buffer":0,"byteOffset":1211760,"byteLength":19512,"target":34962,"byteStride":12},{"buffer":0,"byteOffset":1231272,"byteLength":19512,"target":34962,"byteStride":12},{"buffer":0,"byteOffset":1250784,"byteLength":13008,"target":34962,"byteStride":8},{"buffer":0,"byteOffset":1263792,"byteLength":3252,"target":34963},{"buffer":0,"byteOffset":1267044,"byteLength":5328,"target":34962,"byteStride":12},{"buffer":0,"byteOffset":1272372,"byteLength":5328,"target":34962,"byteStride":12},{"buffer":0,"byteOffset":1277700,"byteLength":3552,"target":34962,"byteStride":8},{"buffer":0,"byteOffset":1281252,"byteLength":888,"target":34963},{"buffer"